,district_c,1,2,3,4,5,6,7,8
0,1,0.0,0.36,0.2,0.75,0.12,0.33,0.1,0.23
1,2,0.36,0.0,0.13,0.44,0.25,0.31,0.22,0.37
2,3,0.2,0.13,0.0,0.35,0.3,0.47,0.44,0.18
3,4,0.75,0.44,0.35,0.0,0.2,0.21,0.22,0.23
4,5,0.12,0.25,0.3,0.2,0.0,0.17,0.2,0.19
5,6,0.33,0.31,0.47,0.21,0.17,0.0,0.05,0.1
6,7,0.1,0.22,0.44,0.22,0.2,0.05,0.0,0.32
7,8,0.23,0.37,0.18,0.23,0.19,0.1,0.32,0.0
